   -0.16765343
    0.28572732
   -0.51143604
   -0.16492568
    0.07100974
   -0.05987161
   -0.03860686
    0.00190035
    0.03899638
    0.00136287
   -0.03908879
   -0.05060171
    0.07097086
   -0.16483531
    0.28579804
   -0.16742730
   -0.50569199
   -0.05991100
   -0.04078158
   -0.16745111
    0.00407633
   -0.01750415
   -0.05431020
    0.27619298
   -0.51016767
    0.07225986
   -0.13625475
   -0.08766866
    0.17953234
   -0.16276857
   -0.03348943
    0.55901004
   -0.44739832
   -0.43455444
   -0.01585914
    0.00522221
   -0.04034831
   -0.05046177
    0.08717169
    0.08768669
    0.07556755
    0.22747734
    0.05766693
    0.06569317
    0.01017548
    0.06222877
    0.06402320
    0.22369172
    0.08622317
    0.08572098
    0.07665518
    0.04947762
    0.03657045
    0.06329888
    0.02041833
    0.06326586
    0.09819178
    0.12326059
    0.13066773
    0.14573001
    0.07973382
    0.09080174
    0.01612921
    0.06090028
    0.03313636
    0.05544394
