           1           2  0.99136129293693909     
           2           3   1.6408572793871761     
           2           4   1.2387593584915237     
           3           4  0.16174118568008047     
           4           5   1.0737167889121606     
           5           6   1.3569838308708049     
           6           7   1.4700726004020990     
           7           8   1.3888499812364881     
           8           9  0.97570340184857041     
           9          10  0.97734971474254440     
          10          11   1.4004458993474489     
          11          12   1.4557522909747773     
          12          13   1.3700513654071000     
          13          14   1.0736399083524737     
          14          15   1.2361350850400843     
          15          16  0.99137253928867153     
          14          17  0.16183635427808818     
          15          17   1.6445332806478423     
          11          18  0.10506076219597801     
          13          18   1.3645133645131093     
          10          19   1.4018560102092799     
          12          19  0.10343147132875558     
          18          19   1.4597822722608718     
           9          20  0.97926966290392348     
          20          21   1.0083424557799818     
          21          22  0.98920731391553651     
          22          23  0.97997916231450355     
          23          24   1.3372393028997822     
          23          25  0.20834958378746482     
          24          25   1.5800727255073548     
          24          26  0.93965092805328643     
          26          27   1.6168080587145595     
          27          28   1.0606999731620115     
          27          29  0.12063554101921199     
          28          29   1.2187461511245536     
          29          30   1.0640915411494953     
          26          31   1.2010163254095676     
          29          31   1.3867435298323680     
          31          32   1.0456654898527240     
          32          33   1.4008486016927704     
          32          34   1.4071334266556761     
          33          34  0.31652579453833130     
          23          35  0.97278732608551388     
          20          36   1.0037161514609778     
          35          36  0.99237610014952549     
           6          37  0.10371431117298144     
           8          37   1.4141332332318430     
           5          38   1.3777391811776400     
           7          38  0.10485636332419652     
          37          38   1.4457517360598171     
           1          39  0.96305279341226591     
           1          40  0.96270910596342452     
           1          41  0.98282457868404660     
           4          42  0.91560953363887254     
           6          43  0.96386559096737467     
           7          44  0.96352777580628923     
           9          45  0.94971850703153715     
          11          46  0.96366970408673391     
          12          47  0.96171385611638183     
          14          48  0.91733588628473250     
          16          49  0.96282527083185332     
          16          50  0.96344451989335445     
          16          51  0.98261751247153717     
          18          52  0.96490544087881180     
          19          53  0.96805049144528965     
          21          54  0.96394256910202614     
          21          55  0.95334853335691760     
          22          56  0.96481592656382242     
          22          57  0.96015532611595056     
          30          58  0.95353687660474740     
          30          59  0.95607346097273815     
          30          60  0.91264720840247671     
          35          61  0.96661924014314660     
          35          62  0.96155483789493723     
          36          63  0.96283441233907019     
          36          64  0.96427026468806110     
          37          65  0.96808872483960662     
          38          66  0.96301139855163731     
