           1           2   1.2890596808060883     
           2           3  0.95491882792284244     
           2           4   1.1217065471753382     
           2           5  0.12099549801824033     
           4           5   1.7324848924163052     
           4           6  0.99383568989242288     
           6           7  0.94877836634517154     
           1           8  0.93916210768993946     
           3          11  0.96670776826269167     
           3          12  0.96763493032451264     
           3          13  0.96803003280231581     
           6          14  0.94827698601773347     
           6          15  0.94690085940596536     
           1          16   1.6564971074900563     
           2          16  0.13364012019974275     
          10          17  0.99761812550350071     
          17          18  0.99663494534160735     
          17          19  0.99721797123173239     
          17          20  0.99711721396698794     
