   -0.08323680
   -0.17290145
    0.10005641
   -0.17965326
   -0.14364899
    0.14620349
   -0.14189237
   -0.07284815
    0.26778597
   -0.53333958
   -0.07842039
   -0.00025564
   -0.00627376
   -0.17632427
    0.03792710
    0.01385237
   -0.03996358
   -0.02380106
   -0.02696288
    0.27054939
   -0.54208677
   -0.17384031
   -0.05928031
   -0.03833581
   -0.03737323
    0.01460543
   -0.03667042
   -0.02359082
   -0.02612414
    0.27090492
   -0.53836896
   -0.17389653
   -0.05942436
   -0.03885600
   -0.03950419
    0.00404751
   -0.00488770
    0.08545154
    0.07669604
    0.10374654
    0.09693891
    0.10392407
    0.08510886
    0.06707248
    0.05351385
    0.05793421
    0.05792242
    0.02092562
    0.04361671
    0.04360746
    0.21698767
    0.07457390
    0.07098934
    0.07618308
    0.05659709
    0.07184484
    0.06747603
    0.04989726
    0.21528613
    0.07331221
    0.07167765
    0.07695366
    0.05168314
    0.04749546
    0.02689695
    0.06159724
    0.05787726
    0.08204154
