           1           2   1.0633522469556065     
           2           3   1.0491988148592799     
           2           4  0.10086475432065080     
           3           4   1.5507323312097894     
           4           5   1.0659166980050594     
           4           6  0.14306135604346229     
           5           6   1.1494378520697914     
           6           7   1.0356499255109399     
           3           8   1.2216521365188746     
           6           8   1.5098064868048913     
           8           9  0.97843025320922217     
           9          10   1.5758654409303385     
           9          11   1.3074512311753301     
          10          11  0.20130029649130751     
          11          12  0.97291097203811927     
          12          13  0.99662938562193903     
          13          14   1.0002404496761024     
          14          15  0.98647510134865135     
          15          16  0.97817731343629977     
          16          17   1.4068357073808020     
          17          18   1.4535068514158969     
          16          19  0.10193318273723391     
          18          19   1.3941888863486853     
          19          20  0.99129541921690045     
          20          21   1.5852284581121898     
          20          22   1.2981191900089442     
          21          22  0.19719441850421429     
          22          23   1.0020709659595723     
          17          24  0.10526867395966759     
          19          24   1.3897633877355628     
          16          25   1.3976240685915744     
          18          25  0.10592895768143797     
          24          25   1.4578946951701388     
          15          26  0.97390352807419711     
          26          27   1.3979594262679718     
          27          28   1.4611997083806005     
          26          29  0.10243782643224321     
          28          29   1.3878544941191568     
          29          30  0.98956377464216827     
          30          31   1.5888999175773257     
          30          32   1.2967729528587990     
          31          32  0.19775232066303636     
          32          33   1.0019087970303171     
          27          34  0.10744492095143134     
          29          34   1.3981113359507882     
          26          35   1.4118542851225393     
          28          35  0.10449704909493315     
          34          35   1.4474348913496047     
          14          36  0.99901681728095537     
          11          37  0.97984256857970276     
          36          37   1.0023125872787368     
           1          38  0.95883953965351620     
           1          39  0.96291494488488372     
           1          40  0.95613119815561909     
           7          41  0.96617627281065099     
           7          42  0.94837965942671110     
           7          43  0.97347320914569724     
          12          44  0.96568856526629354     
          12          45  0.96205758532931207     
          13          46  0.96681486133256822     
          13          47  0.96655735171328683     
          15          48  0.94708227718257842     
          17          49  0.96707596841655497     
          18          50  0.96794394025662500     
          22          51  0.92179246079871768     
          23          52  0.97295827362390752     
          23          53  0.97356957549914624     
          23          54  0.97796579258615779     
          24          55  0.96342589462386719     
          25          56  0.96225395290148275     
          27          57  0.96293841940845371     
          28          58  0.96735374623592318     
          32          59  0.92296607024244004     
          33          60  0.97327685739364422     
          33          61  0.97340714304288189     
          33          62  0.97781604155126312     
          34          63  0.96444874828834060     
          35          64  0.96637161789175163     
          36          65  0.96389849672563499     
          36          66  0.96586158303879188     
          37          67  0.96522470889129686     
          37          68  0.94956417418294792     
