   -0.16210454
    0.18048036
   -0.08839790
   -0.13882005
    0.07258376
    0.27408068
   -0.51421821
   -0.05240046
   -0.01751057
    0.00256230
   -0.17285524
    0.03868465
    0.00523353
   -0.04120742
   -0.04728945
    0.01182417
   -0.10447813
    0.29489786
   -0.29268444
   -0.53530204
   -0.04091856
   -0.04045987
    0.00489775
   -0.04124894
   -0.04716618
    0.01256722
   -0.10412106
    0.29493904
   -0.29353443
   -0.53500859
   -0.04082163
   -0.04092367
    0.00536713
   -0.01492364
   -0.03492903
    0.57125670
   -0.44086331
   -0.42817266
    0.14392994
    0.12766034
    0.12769473
    0.06392132
    0.09348987
    0.02004987
    0.06616896
    0.00878593
    0.06341284
    0.05168901
    0.07721502
    0.06873920
    0.24292574
    0.23923308
    0.03118272
    0.03015307
    0.06401113
    0.05204550
    0.06831292
    0.07571607
    0.24226635
    0.24035710
    0.03114782
    0.02909345
    0.01363994
    0.06269311
    0.07850070
    0.08694912
