           1           2   1.0645166924544061     
           2           3   1.2186343643816844     
           2           4  0.12115677686808735     
           3           4   1.0607707665818844     
           4           5   1.6123507506650845     
           5           6  0.94020295869858750     
           6           7   1.5735297674558226     
           6           8   1.3441374998102951     
           7           8  0.21096349913088522     
           8           9  0.97974334493069426     
           9          10  0.99092112523463005     
          10          11   1.0059444305140171     
          11          12  0.97991425090078832     
          12          13  0.97621622624564852     
          13          14   1.4031089058545438     
          14          15   1.4497806963154807     
          13          16  0.10413458017624055     
          15          16   1.4063097304400296     
          16          17   1.0005251122700156     
          17          18  0.95207573406405521     
          18          19   1.3229416636218050     
          18          20   1.6233460059845781     
          19          20  0.19723485799291901     
          14          21  0.10992213698207211     
          16          21   1.4065809793454873     
          13          22   1.4092141375028642     
          15          22  0.10582147784092137     
          21          22   1.4500048529298020     
          12          23  0.97630301727013580     
          23          24   1.4034101850717824     
          24          25   1.4491468185294807     
          23          26  0.10400355044215340     
          25          26   1.4068047815911642     
          26          27  0.99659659022885805     
          27          28  0.95115861081908648     
          28          29   1.3218066408531883     
          28          30   1.6235713385505712     
          29          30  0.19706627369947027     
          24          31  0.10954951564058844     
          26          31   1.4058385186214004     
          23          32   1.4088189584356994     
          25          32  0.10608164888106932     
          31          32   1.4506288663952787     
          11          33   1.0051393122170267     
           8          34  0.97292849910766066     
          33          34  0.99278917466180894     
           2          35   1.3901080456689052     
           5          35   1.2059713818992481     
          35          36   1.0390031938463991     
          36          37   1.4181162369486597     
          36          38   1.4165384156517304     
          37          38  0.32670910228111139     
           1          39  0.91450604190503049     
           1          40  0.94620993596993030     
           1          41  0.96192628904231237     
           9          42  0.96519740635352835     
           9          43  0.95950551962545982     
          10          44  0.96254913911360696     
          10          45  0.96387934813089982     
          12          46  0.95006822449491746     
          14          47  0.96362590138181614     
          15          48  0.96644730168398452     
          17          49  0.95655683322938345     
          17          50  0.96533968230173928     
          19          51  0.91973082280568286     
          19          52  0.92286191478105228     
          21          53  0.96979234049327068     
          22          54  0.96820651419975601     
          24          55  0.96333886702111327     
          25          56  0.96628141624146313     
          27          57  0.96600061120955449     
          27          58  0.96057992438584983     
          29          59  0.91992883022926908     
          29          60  0.92293485484132409     
          31          61  0.96971638337865373     
          32          62  0.96838816405862649     
          33          63  0.96264658098372924     
          33          64  0.96435184554715325     
          34          65  0.96656216764135305     
          34          66  0.96095916289079064     
