   -0.13032672
    0.15997629
   -0.09252113
   -0.11385516
    0.06686270
    0.27178913
   -0.41654404
   -0.07610265
   -0.00304847
    0.00215856
   -0.17868331
    0.03961523
   -0.00147532
   -0.03726781
   -0.05463330
    0.14247611
   -0.39360979
   -0.07154990
   -0.03654889
   -0.01149905
   -0.03936641
   -0.06415665
    0.06743586
   -0.18516712
   -0.03423293
   -0.06203255
   -0.03848206
    0.00427403
   -0.00234794
   -0.04390046
    0.54759817
   -0.39037516
   -0.39053338
    0.08698223
    0.10128157
    0.10339501
    0.05318149
    0.04157264
    0.05071915
    0.04516129
    0.01014046
    0.03608076
    0.05129473
    0.29803448
    0.02612650
    0.04676662
    0.02483442
    0.02065371
    0.14983122
    0.05142006
    0.04516338
    0.03330343
    0.02975587
    0.03909712
    0.03494855
    0.04793759
    0.05739415
    0.08099770
