           1           2  0.98864600343090203     
           2           3  0.99245371287267736     
           2           4   1.3376783130272139     
           2           5  0.20804625508912747     
           4           5   1.5759300849960090     
           4           6  0.96703321459041713     
           6           7  0.93539046466953479     
           1           8  0.97173372126697988     
           1           9  0.97248236537317245     
           1          10  0.97606945708645321     
           3          11  0.97286162600257542     
           3          12  0.96806070212199580     
           3          13  0.97318892754424202     
           6          14  0.97472640865058069     
           6          15  0.96032368605502261     
