           1           2  0.98475327769664611     
           2           3  0.99504771169271344     
           2           4   1.3183406606320653     
           2           5  0.19395316141931149     
           4           5   1.5447251700796631     
           4           6  0.97960213445999833     
           6           7   1.7809905012102909     
           6           8  0.24999263008946618     
           7           8   1.2198580254267040     
           1           9  0.97195604191615570     
           1          10  0.97657955843887534     
           1          11  0.97249356509329554     
           3          12  0.96820397309210948     
           3          13  0.97057954147998049     
           3          14  0.97488940101412358     
           6          16  0.82619141868457513     
           7          16  0.14935874582461681     
          15          16   1.0048835541364047     
          15          17  0.98389411266599336     
          15          18  0.98058000737902373     
          15          19  0.98803252888973880     
