   -0.16225117
    0.18001584
   -0.08677289
   -0.13583274
    0.07231659
    0.27634473
   -0.50982762
   -0.05398756
   -0.01824509
    0.00364258
   -0.16782688
    0.03815357
    0.01477512
   -0.03724092
   -0.02413739
   -0.02395221
    0.28445415
   -0.29655160
   -0.53840052
   -0.03687491
   -0.03994377
    0.01552576
   -0.03800789
   -0.03694135
   -0.02419295
    0.28397570
   -0.29580604
   -0.54371536
   -0.02349854
   -0.03870485
    0.00460548
   -0.01609371
   -0.03372245
    0.56122345
   -0.44699678
   -0.43199454
    0.12498497
    0.12932194
    0.14548309
    0.06428130
    0.09929456
    0.06294455
    0.02057390
    0.01727647
    0.07042217
    0.05388458
    0.23783375
    0.24334483
    0.05507020
    0.04422375
    0.07285834
    0.06305067
    0.24111686
    0.24312927
    0.04619820
    0.04142296
    0.01725491
    0.06078549
    0.09185594
    0.07987409
