           1           2   1.0647402216688253     
           2           3   1.2204538369740734     
           2           4  0.12041522288594736     
           3           4   1.0606262962830126     
           4           5   1.6159860349998671     
           5           6  0.93970503412905515     
           6           7   1.5807597673577456     
           6           8   1.3369668538873205     
           7           8  0.20846373630394066     
           8           9  0.97995138021234673     
           9          10  0.98984510490122291     
          10          11   1.0063207391432960     
          11          12  0.98139151755614429     
          12          13  0.97605977585889514     
          13          14   1.3975259296349063     
          14          15   1.4592062521901412     
          13          16  0.10174053437760680     
          15          16   1.3887321617969537     
          16          17  0.99290366523960560     
          17          18   1.3067140118598857     
          17          19   1.5999762507821977     
          18          19  0.19773300881533926     
          14          20  0.10620232005677414     
          16          20   1.3948437265759253     
          13          21   1.4071739935481706     
          15          21  0.10481641898934208     
          20          21   1.4522662119346890     
          12          22  0.97586944552392563     
          22          23   1.3951292034381426     
          23          24   1.4610050096257423     
          22          25  0.10160222141021856     
          24          25   1.3871487199540171     
          25          26  0.99507088303361069     
          26          27   1.3087258736649245     
          26          28   1.5954490818120006     
          27          28  0.19733253483369192     
          23          29  0.10610245417130007     
          25          29   1.3945593432342958     
          22          30   1.4089162302063098     
          24          30  0.10436543473605119     
          29          30   1.4519956440348494     
          11          31   1.0027324861932874     
           8          32  0.97266452052821861     
          31          32  0.99255358763976842     
           2          33   1.3853348464170800     
           5          33   1.2019156823279340     
          33          34   1.0457019644191967     
          34          35   1.4023420683346066     
          34          36   1.4111280879198380     
          35          36  0.31847615946912705     
           1          37  0.94980593361065724     
           1          38  0.95921307953056156     
           1          39  0.91282572405614948     
           9          40  0.96481913386260854     
           9          41  0.95995619211343319     
          10          42  0.96429594991465861     
          10          43  0.95566831145292630     
          12          44  0.94853164971406123     
          14          45  0.96224866837399814     
          15          46  0.96679866214527943     
          18          47  0.92187383592914895     
          18          48  0.91996319922415004     
          20          49  0.96417719454114070     
          21          50  0.96710539460714395     
          23          51  0.96233232596011598     
          24          52  0.96235076119230645     
          27          53  0.91937980442903899     
          27          54  0.92020820373478884     
          29          55  0.96742624801222021     
          30          56  0.96695579946786880     
          31          57  0.96325198138337764     
          31          58  0.96435163203263108     
          32          59  0.96144174270531169     
          32          60  0.96659639238631234     
