           1           2  0.96309491318992513     
           2           3  0.95114114789902948     
           2           4   1.1847668677540979     
           2           5  0.13517828894409833     
           4           5   1.5102772804963707     
           4           6   1.0650967593901306     
           6           7   1.5823729682887622     
           6           8  0.17236359475153643     
           7           8   1.2545978375728954     
           6           9  0.99411987994262285     
           9          10  0.99818627602395027     
           1          11  0.98972605467736774     
           1          12  0.98216190655318258     
           1          13  0.98282741785627703     
           3          14  0.98144036985327188     
           3          15  0.98373175445144156     
           3          16  0.98186695289517800     
          10          17  0.99017553900169608     
          10          18  0.98992389786990198     
          10          19  0.99005326061159682     
